ruusk

2 8

0 10.1831 18.1173 18.9519 17.0474 15.7394 17.0255 16.5943 
10.1831 0 15.7345 14.0502 13.0642 11.8421 11.961 11.6784 
18.1173 15.7345 0 8.60877 10.7763 7.48553 5.54032 6.8461 
18.9519 14.0502 8.60877 0 14.7345 7.9303 7.16783 8.19431 
17.0474 13.0642 10.7763 14.7345 0 10.7469 9.79503 10.1099 
15.7394 11.8421 7.48553 7.9303 10.7469 0 7.90562 8.43933 
17.0255 11.961 5.54032 7.16783 9.79503 7.90562 0 2.37351 
16.5943 11.6784 6.8461 8.19431 10.1099 8.43933 2.37351 0 

50
