hwa21

1 12

0 0.0691204 0.0625073 0.0453808 0.340256 0.0630305 0.120881 0.179467 0.324295 0.154219 0.155196 0.458074 
0.0691204 0 0.0969391 0.0731845 0.356937 0.110607 0.137561 0.196148 0.35248 0.150563 0.160265 0.474755 
0.0625073 0.0969391 0 0.068331 0.307534 0.0700646 0.0979418 0.146745 0.33047 0.156121 0.199416 0.425352 
0.0453808 0.0731845 0.068331 0 0.310813 0.0826173 0.0914377 0.151622 0.325731 0.113641 0.142335 0.428631 
0.340256 0.356937 0.307534 0.310813 0 0.357533 0.219375 0.174913 0.227832 0.206373 0.254404 0.117818 
0.0630305 0.110607 0.0700646 0.0826173 0.357533 0 0.138157 0.196744 0.326553 0.189962 0.175919 0.475351 
0.120881 0.137561 0.0979418 0.0914377 0.219375 0.138157 0 0.102679 0.272553 0.101454 0.158389 0.337194 
0.179467 0.196148 0.146745 0.151622 0.174913 0.196744 0.102679 0 0.198127 0.0596801 0.0879384 0.278607 
0.324295 0.35248 0.33047 0.325731 0.227832 0.326553 0.272553 0.198127 0 0.22938 0.210988 0.210867 
0.154219 0.150563 0.156121 0.113641 0.206373 0.189962 0.101454 0.0596801 0.22938 0 0.0638374 0.324191 
0.155196 0.160265 0.199416 0.142335 0.254404 0.175919 0.158389 0.0879384 0.210988 0.0638374 0 0.366546 
0.458074 0.474755 0.425352 0.428631 0.117818 0.475351 0.337194 0.278607 0.210867 0.324191 0.366546 0 

