ruusk

2 20

0 10.3326 2.84139 7.59694 14.1806 13.9823 4.75671 4.65477 2.5071 10.3034 4.47622 12.0714 12.2628 7.74922 6.73713 5.6718 24.5338 21.9609 15.9557 15.8533 
10.3326 0 9.94545 3.19654 6.87449 4.34437 15.0893 14.8381 9.09493 6.83125 8.68002 6.93102 4.26349 6.1661 7.34336 5.78471 14.2012 11.6283 5.62314 5.52069 
2.84139 9.94545 0 7.20981 12.9807 13.5952 6.13669 5.22225 2.24623 10.28 4.40518 11.6842 11.8757 7.3621 7.29267 5.49846 24.1467 21.5737 15.5686 15.4661 
7.59694 3.19654 7.20981 0 10.0311 7.04007 12.3536 12.1024 6.35929 6.82288 5.48348 6.02116 4.99979 4.20041 5.54685 3.88318 16.9369 14.3639 8.35879 8.25633 
14.1806 6.87449 12.9807 10.0311 0 3.87003 18.3871 17.8734 13.0444 13.2032 13.0709 12.3919 10.1082 12.3303 14.2178 10.0386 11.1659 8.59299 4.05429 5.06398 
13.9823 4.34437 13.5952 7.04007 3.87003 0 18.739 18.4878 12.7446 9.33317 11.3194 8.85151 6.56774 8.78986 10.6774 9.16503 10.5515 7.97856 2.54333 2.57087 
4.75671 15.0893 6.13669 12.3536 18.3871 18.739 0 2.53096 6.24004 13.8206 8.06024 16.8281 17.0195 12.5059 11.2096 9.57397 29.2905 26.7176 20.7124 20.61 
4.65477 14.8381 5.22225 12.1024 17.8734 18.4878 2.53096 0 5.74315 13.7032 7.16836 16.5769 16.7683 12.2547 10.9584 9.32277 29.0393 26.4664 20.4612 20.3588 
2.5071 9.09493 2.24623 6.35929 13.0444 12.7446 6.24004 5.74315 0 9.60481 2.55393 10.8337 11.0252 6.51158 6.54777 4.42455 23.2962 20.7232 14.7181 14.6156 
10.3034 6.83125 10.28 6.82288 13.2032 9.33317 13.8206 13.7032 9.60481 0 8.38251 5.78341 5.32886 4.57141 6.65893 8.26491 15.5455 12.9726 9.41568 9.01463 
4.47622 8.68002 4.40518 5.48348 13.0709 11.3194 8.06024 7.16836 2.55393 8.38251 0 9.60231 9.59998 5.33624 5.94121 4.13903 21.8709 19.298 13.2929 13.1904 
12.0714 6.93102 11.6842 6.02116 12.3919 8.85151 16.8281 16.5769 10.8337 5.78341 9.60231 0 3.83445 4.81848 6.44279 9.14838 12.879 10.6472 8.39492 8.02417 
12.2628 4.26349 11.8757 4.99979 10.1082 6.56774 17.0195 16.7683 11.0252 5.32886 9.59998 3.83445 0 4.51361 5.80992 7.44557 12.271 9.69802 6.11115 5.7404 
7.74922 6.1661 7.3621 4.20041 12.3303 8.78986 12.5059 12.2547 6.51158 4.57141 5.33624 4.81848 4.51361 0 2.86389 4.96044 16.7846 14.2116 9.3191 9.48605 
6.73713 7.34336 7.29267 5.54685 14.2178 10.6774 11.2096 10.9584 6.54777 6.65893 5.94121 6.44279 5.80992 2.86389 0 5.65693 18.0809 15.5079 10.2208 10.3279 
5.6718 5.78471 5.49846 3.88318 10.0386 9.16503 9.57397 9.32277 4.42455 8.26491 4.13903 9.14838 7.44557 4.96044 5.65693 0 19.7165 17.1436 11.1385 11.036 
24.5338 14.2012 24.1467 16.9369 11.1659 10.5515 29.2905 29.0393 23.2962 15.5455 21.8709 12.879 12.271 16.7846 18.0809 19.7165 0 3.2993 8.57808 8.68053 
21.9609 11.6283 21.5737 14.3639 8.59299 7.97856 26.7176 26.4664 20.7232 12.9726 19.298 10.6472 9.69802 14.2116 15.5079 17.1436 3.2993 0 6.00513 6.10759 
15.9557 5.62314 15.5686 8.35879 4.05429 2.54333 20.7124 20.4612 14.7181 9.41568 13.2929 8.39492 6.11115 9.3191 10.2208 11.1385 8.57808 6.00513 0 1.27908 
15.8533 5.52069 15.4661 8.25633 5.06398 2.57087 20.61 20.3588 14.6156 9.01463 13.1904 8.02417 5.7404 9.48605 10.3279 11.036 8.68053 6.10759 1.27908 0

