cola

2 10
 
0 127 169 204 309 320 286 317 321 238
127 0 143 235 318 322 256 318 318 231
169 143 0 243 326 327 258 318 318 242
204 235 243 0 285 288 259 312 317 194
309 318 326 285 0 155 312 131 170 285
320 322 327 288 155 0 306 164 136 281
286 256 258 259 312 306 0 300 295 256
317 318 318 312 131 164 300 0 132 291
321 318 318 317 170 136 295 132 0 297
238 231 242 194 285 281 256 291 297 0

