hwa12

1 9

0 0.261938 2.32762 0.591434 0.611247 1.03788 0.61232 0.494895 1.13857 
0.261938 0 2.09346 0.357268 0.377081 0.803709 0.846486 0.729061 1.37274 
2.32762 2.09346 0 1.73619 1.71638 1.28975 2.93994 2.82252 3.4662 
0.591434 0.357268 1.73619 0 0.0536056 0.446441 1.20375 1.08633 1.73001 
0.611247 0.377081 1.71638 0.0536056 0 0.426628 1.22357 1.10614 1.74982 
1.03788 0.803709 1.28975 0.446441 0.426628 0 1.6502 1.53277 2.17645 
0.61232 0.846486 2.93994 1.20375 1.22357 1.6502 0 0.214379 0.526253 
0.494895 0.729061 2.82252 1.08633 1.10614 1.53277 0.214379 0 0.643678 
1.13857 1.37274 3.4662 1.73001 1.74982 2.17645 0.526253 0.643678 0 

